phoneID,monitor_date,lastupdate_time,nonwear_min,sedentary_min,light_min,mod_vig_min,total_min,total_hour,unknown_hour,MVPA_10m_bouts,breaks,MVPAReinforcementCurrentStep,MVPAReinforcementPrevStep,SedReinforcementCurrentStep,SedReinforcementPrevStep,activity_level,low_activity_min
358344041300005,2012-05-18,23:59:16,634,164,20,5,823,13.71,10.29,0,3,0,0,0,0,1,1337385556000
358344041300005,2012-05-17,23:55:55,960,433,35,7,1435,23.91,0.08,0,3,0,0,0,0,1,1337298955000
358344041300005,2012-05-16,23:59:00,0,0,0,0,0,0,24,0,21,0,0,0,0,3,1337212740000
358344041300005,2012-05-15,23:55:55,107,339,37,12,495,8.25,15.75,0,7,0,0,0,0,2,1337126155000
358344041300005,2012-05-14,23:59:00,0,0,0,0,0,0,24,0,4,4,4,0,0,2,1337039940000
358344041300005,2012-05-13,16:41:45,941,60,0,0,1001,16.68,7.32,0,0,0,0,0,0,1,1336927305000
358344041300005,2012-05-12,23:56:45,416,396,13,4,829,13.81,10.19,0,4,0,0,0,0,1,1336867005000
358344041300005,2012-05-11,23:56:07,655,148,3,0,806,13.43,10.57,0,0,0,0,0,0,1,1336780567000
358344041300005,2012-05-10,23:59:00,0,0,0,0,0,0,24,0,3,0,0,0,0,3,1336694340000
